1616141614121086444620024200246888861086444446864686464468
141412141210864444620024420024666648644466646864666868810
12121012108644464682002442002444428644468864686446108888
101081086444810646200244200222220646446264422646888648
8868644488108646002464200000000644000200000108884446
66464461088101264600246642000002004000000000008464646
444446864881064600246420000022004006404462200646864
446468646884460024642000020020000046266200002681086
6446886410886600246420022242002000460020000881081012108
86446101210886440024642002446420064460000002288101214161210
1086448101010886002461010420024642002000022022442881012141612
16141210888884660024108842002414642000002442444200024666
141210881088844400248662002412121212108810224664664200002444
141210881010646400022644208101010101010881012446886864200200222
1210881012128646200000000088888888246661214108864200002200
141210881012486842200000028888888002446101214121086440000000
1412108810222246442646268888880000022481012121086440000022
141210881000002410864646444680022220002681010864462002244
141210800000002486466444461000244420004688864462002466
442000222200220400044681220024864600466644684200246
220022444200200000002464200286460064444468104200246
000244442006002022002464200220640044444681042002444
0024422220440022200468108860000000044666810642002222
22442000004460020044668664400200046468846642000000
444200000264400002644464444446666646810424668640000
664200222644600002644444444444444468104202446864462
64200244464462000026464666466444444682000224644666
42002412121264462002002686888664664644460000002464444
42006610101010446880020068810108646686864400220000226444
4200448888488880000046812128646468864400242640002666
642004888848810106400864610108646668644002486462000646
42002610101010888886468864488106464464000024108646004464
420028122021010888864888888881064664000022486460066686
42002420002121010108861088881048886646000000264460046864
64200220002212121088464664462888844880000000000064666
642002200000222886464006200088441088222000000286644
642002000200000880000000000006466488104264646886446
4420000024220000000002200000286446108810286466822666
22200002464422222222244200024108668121088026464600644
00002002466644444444464200246121088101412108006446000046
000020024688666642244422002468121010126420000266000024
2204002468108644420022200024681014121264200220044004002
44244024688642220000000024681012108642002442000026002
6108640246864200002200022468101212108642002222002002002
8642002466420000028644681081012121086420000002200000024
864200246420022024864468101214162018161412108000000020000002
864200244200244248644681012141620181614121088022220000000200
864200246420024410864468101214162018161412108810124442200002420
1086420024642002461086446810121416181614121088101214664420024642
8642002468642002461086446810121416181614121088101214166420024664
